W=1L=100Nup =5 Ndown = 10 E = -41.1806029020374638 time: 17817 ms 17 sec t_up = 1.0000000000000000t_down = 0.1000000000000000
W=1L=100Nup =5 Ndown = 11 E = -41.7317472335547350 time: 15859 ms 15 sec t_up = 1.0000000000000000t_down = 0.1000000000000000
