W=1L=80Nup =12 Ndown = 24 E = -77.5809437272603901 time: 1732514 ms 1732 sec t_up = 1.0000000000000000t_down = 0.3000000000000000
W=1L=80Nup =17 Ndown = 29 E = -106.0871235483970878 time: 4868417 ms 4868 sec t_up = 1.0000000000000000t_down = 0.3000000000000000
