W=1L=80Nup =12 Ndown = 24 E = -77.5810122767165353 time: 3689592 ms 3689 sec t_up = 1.0000000000000000t_down = 0.3000000000000000
W=1L=80Nup =17 Ndown = 29 E = -106.0871148584954256 time: 7934003 ms 7934 sec t_up = 1.0000000000000000t_down = 0.3000000000000000
