W=3L=40Nup =30 Ndown = 20 E = -178.5345161089070984 time: 3722541 ms 3722 sec t_up = 1.0000000000000000t_down = 0.2000000000000000
W=3L=40Nup =30 Ndown = 15 E = -152.4933088697122798 time: 41463189 ms 41463 sec t_up = 1.0000000000000000t_down = 0.2000000000000000
