W=3L=40Nup =8 Ndown = 16 E = -96.4099457997703269 time: 5054712 ms 5054 sec t_up = 1.0000000000000000t_down = 1.0000000000000000
W=3L=40Nup =12 Ndown = 24 E = -139.8700263535860415 time: 155169382 ms 155169 sec t_up = 1.0000000000000000t_down = 1.0000000000000000
W=3L=40Nup =12 Ndown = 24 E = -139.8700263535860415 time: 187309051 ms 187309 sec t_up = 1.0000000000000000t_down = 1.0000000000000000
