W=5L=80Nup =7 Ndown = 17 E = -55.9850535623878969 time: 178280416 ms 178280 sec t_up = 1.0000000000000000t_down = 0.3000000000000000
W=5L=80Nup =8 Ndown = 16 E = -60.1632599735256122 time: 206170163 ms 206170 sec t_up = 1.0000000000000000t_down = 0.3000000000000000
W=5L=80Nup =10 Ndown = 20 E = -75.1723196588037865 time: 306406428 ms 306406 sec t_up = 1.0000000000000000t_down = 0.3000000000000000
W=5L=80Nup =9 Ndown = 21 E = -70.9818608192907163 time: 503579786 ms 503579 sec t_up = 1.0000000000000000t_down = 0.3000000000000000
