W=5L=80Nup =8 Ndown = 16 E = -94.2702876353358619 time: 13489780 ms 13489 sec t_up = 1.0000000000000000t_down = 1.0000000000000000
W=5L=80Nup =10 Ndown = 20 E = -117.1007278024447231 time: 94408131 ms 94408 sec t_up = 1.0000000000000000t_down = 1.0000000000000000
